1004272106479038544
1278790858023370865
1133694274093985792
1213254961853632533
1415213329160605767
1256432016388390918
1022618657987248269
1112796065326956696
1048003668827455538
1132430955068534884
1494542876292415488
1126609941453615196
1181351472055718033
927382442531237948
1304314950373871626
1009237940263727115
604424444185673766
1489751341231247360
991930071176720394
715344044901007421
1189039167208968243
1281017503245533217
771944696867586070
685888423143276650
1181350474872537241
879885719320019036
1364339476410925168
1331798609565581375
1396283591058526249
799441467788623883
1101682755076632657
892968229885071400
1303228669057044593
1325596173607895063
1507752628765851748
718231653423644792
1451396277119225867
1516778259067441285
1306073105881628707
978481559705358386
761735176165916712
1033768780557459507
1229244138680221766
901382765147205672
1197740510199164969
1435699181359468554
1314625095561379861
1190688041094885427
1003267857876004884
775917565338976297
1261591768571314318
999745888383684628
933189008979275817
